1
8022308
Valentina
Rodríguez
1
2575910
Paula
Ruiz
1
5090983
Ricardo
Moreno
1
25183
Ricardo
Delgado
1
9946376
Ana
Guerrero
1
7259542
Marta
Suárez
1
3911594
Nicolás
Cruz
1
7585484
Daniela
Gómez
1
3045244
Andrés
González
1
1970549
Paula
Herrera
1
6576513
Lucía
Guerrero
1
3217687
Elena
Blanco
1
6062296
José
Ruiz
1
8640063
Noelia
Ramos
1
7407486
Gabriel
Silva
1
1684211
Laura
Rodríguez
1
8698073
Nicolás
Reyes
1
8895657
Ramiro
Ramírez
1
5949812
Martín
Navarro
1
5754809
Ana
Aguilar
1
4059982
Fernando
Serrano
1
1019172
Rosa
González
1
8629934
Luis
Iglesias
1
7902056
Daniela
Suárez
1
4716342
Agustina
Gómez
1
5068204
Pablo
Ruiz
1
6221280
Paula
Vargas
1
9146673
Oscar
Ruiz
1
29841
Esteban
Jiménez
1
5053989
Agustín
Pérez
1
6238522
Ana
Domínguez
1
8761043
Esteban
Castro
1
7215041
Daniela
Romero
1
804734
Gustavo
Suárez
1
8457850
Andrés
Alonso
1
5753982
Daniela
González
1
3290831
Carlos
Molina
1
5704026
Ana
Santos
1
6084000
Marta
Silva
1
760646
Julieta
Jiménez
1
9956681
Laura
Romero
1
6116018
Ana
López
1
1477575
Alberto
Ramos
1
5390520
Patricia
Ruiz
1
1447631
Daniela
Medina
1
294095
Diego
Reyes
1
9623634
María
Gómez
1
8768341
Pablo
Blanco
1
1702979
Camila
López
1
986759
Lorena
Moreno
1
5709355
Lorena
Suárez
1
7901188
Luis
Ruiz
1
2274127
Pablo
Fernández
1
8990067
Daniela
Jiménez
1
8652911
Ricardo
Díaz
1
843240
Gustavo
Molina
1
4309052
Elena
Fernández
1
7365847
Camila
Silva
1
1988679
Paula
Jiménez
1
6757054
Valentina
Pérez
1
6238100
Paula
Martínez
1
6074826
Gabriel
Díaz
1
5495646
Alberto
Díaz
1
7309041
Ana
Fernández
1
8421176
Alberto
Ortiz
1
9726578
Pablo
Torres
1
2422251
Julieta
Gómez
1
9572825
Martín
Blanco
1
9932461
Nicolás
Torres
1
7439082
Ana
Navarro
1
6127175
Julieta
Santos
1
3146805
Gustavo
Torres
1
528284
Alberto
Delgado
1
3246281
Elena
Gómez
1
8528415
Agustín
Iglesias
1
5275297
Joaquín
Silva
1
2642436
Laura
Molina
1
3086471
Pedro
Cabrera
1
6860206
Victoria
Vargas
1
9810050
Ricardo
Torres
1
5044627
Carlos
Iglesias
1
5844346
Sofía
Moreno
1
5977292
María
Silva
1
9444787
Milagros
López
1
1200925
Mateo
Cruz
1
6799716
Julieta
Molina
1
7474132
Luis
González
1
7865315
Sebastián
Moreno
1
7453367
Lorena
Reyes
1
3383181
Laura
Guerrero
1
9403269
Gustavo
Domínguez
1
5147968
Laura
Cabrera
1
5774164
Carlos
Cabrera
1
3906835
Pablo
Álvarez
1
2550040
Lucía
Herrera
1
8771235
Elena
Aguilar
1
1083065
Lucía
López
1
5499501
Gustavo
Silva
1
5498170
Camila
Herrera
1
4960279
Fernando
Santos
3
0
4
3
7453367
4
3
5704026
4
3
6074826
4
3
8698073
4
3
4309052
4
3
9572825
4
3
1684211
4
3
5044627
4
3
1970549
4
3
4059982
4
3
8761043
4
3
5090983
4
3
6238522
4
3
5774164
4
3
3246281
4
3
6799716
4
3
760646
4
3
843240
4
3
8528415
4
3
9146673
3
0
1
6651668
Sebastián
Ortiz
1
483304
Pedro
Molina
1
350268
Pedro
Castro
1
7405787
Laura
Silva
1
8254020
Luis
Castro
1
9190525
Joaquín
Cabrera
1
7958719
Noelia
Cruz
1
7414429
Valentina
Molina
1
7770912
Carlos
Pérez
1
3092424
Victoria
Torres
3
0
4
3
8022308
4
3
2575910
4
3
25183
4
3
9946376
4
3
7259542
4
3
3911594
4
3
7585484
4
3
3045244
4
3
6576513
4
3
3217687
4
3
6062296
4
3
8640063
4
3
7407486
4
3
8895657
4
3
5949812
4
3
5754809
4
3
1019172
4
3
8629934
4
3
7902056
4
3
4716342
4
3
5068204
4
3
6221280
4
3
29841
4
3
5053989
4
3
7215041
4
3
804734
4
3
8457850
4
3
5753982
4
3
3290831
4
3
6084000
4
3
9956681
4
3
6116018
4
3
1477575
4
3
5390520
4
3
1447631
4
3
294095
4
3
9623634
4
3
8768341
4
3
1702979
4
3
986759
4
3
5709355
4
3
7901188
4
3
2274127
4
3
8990067
4
3
8652911
4
3
7365847
4
3
1988679
4
3
6757054
4
3
6238100
4
3
5495646
4
3
7309041
4
3
8421176
4
3
9726578
4
3
2422251
4
3
9932461
4
3
7439082
4
3
6127175
4
3
3146805
4
3
528284
4
3
5275297
4
3
2642436
4
3
3086471
4
3
6860206
4
3
9810050
4
3
5844346
4
3
5977292
4
3
9444787
4
3
1200925
4
3
7474132
4
3
7865315
4
3
3383181
4
3
9403269
4
3
5147968
4
3
3906835
4
3
2550040
4
3
8771235
4
3
1083065
4
3
5499501
4
3
5498170
4
3
4960279
4
3
6651668
4
3
483304
4
3
350268
4
3
7405787
4
3
8254020
4
3
9190525
4
3
7958719
4
3
7414429
4
3
7770912
4
3
3092424
3
0
5
